../result/figure/lp/T30D100000R5W5K1C2H0.1O0.1L600G0F1B50P0S0V0.latency
0.5 1.6864099999999997 0.019063659145085458
0.6 2.393353333333333 0.042150379990378926
0.7 4.61866 0.0350391880613691
0.8 11.470403333333332 0.25129344884682786
0.9 28.153423333333336 0.9957077931970482
../result/figure/lp/T30D100000R5W5K1C2H0.1O0.1L600G0F1B50P0S1V1.latency
0.5 1.7944699999999998 0.03225900339440138
0.6 2.390636666666667 0.019467270823957987
0.7 4.409400000000001 0.0692022188950615
0.8 9.643133333333333 0.10631435102248989
0.9 22.306236666666667 0.4435923144434917
../result/figure/lp/T30D100000R5W5K1C2H0.1O0.1L600G0F1B100P0S0V0.latency
0.5 1.6145366666666667 0.012692428189016147
0.6 2.309553333333333 0.010439905810558611
0.7 4.716539999999999 0.0669813675584487
0.8 11.673813333333333 0.22653391011796253
0.9 28.694933333333335 0.2907733103868619
../result/figure/lp/T30D100000R5W5K1C2H0.1O0.1L600G0F1B100P0S1V1.latency
0.5 1.6666933333333336 0.007654654357535261
0.6 2.2168699999999997 0.013486285626517033
0.7 3.816736666666666 0.07245522847478537
0.8 9.147966666666667 0.32870410711357695
0.9 25.54857 0.4834520587400563
../result/figure/lp/T30D100000R5W5K1C2H0.1O0.1L600G0F1B150P0S0V0.latency
0.5 1.7517190909090907 0.16652530242906297
0.6 2.4091063636363637 0.11203515477498366
0.7 4.693674545454545 0.24356203252410397
0.8 11.756057272727274 0.2947348280095488
0.9 28.024286363636364 0.744737443939443
../result/figure/lp/T30D100000R5W5K1C2H0.1O0.1L600G0F1B150P0S1V0.latency
0.5 1.5294533333333333 0.032085801117212716
0.6 2.145843333333333 0.011086678192016279
0.7 3.8123866666666664 0.07473994536613837
0.8 8.766536666666667 0.17346714568855162
0.9 19.04548 0.6112750618993076
../result/figure/lp/T30D100000R5W5K1C2H0.1O0.1L600G0F1B150P0S0V1.latency
0.5 1.8489133333333332 0.03162301429866107
0.6 2.275446666666667 0.08400534883763851
0.7 3.8209466666666665 0.055084426413763495
0.8 9.087739999999998 0.060595398340138176
0.9 29.35429333333333 0.23064568115040143
../result/figure/lp/T30D100000R5W5K1C2H0.1O0.1L600G0F1B150P0S1V1.latency
0.5 1.6911672727272729 0.07280231838216539
0.6 2.121272727272727 0.07119362023256148
0.7 3.4158972727272725 0.07380891532747362
0.8 9.855348181818181 0.09610930379710186
0.9 31.08437818181818 0.31155593420181205
../result/figure/lp/T30D100000R5W5K1C2H0.1O0.1L600G0F1B150P0S1V2.latency
0.5 1.69330875 0.07020251917284939
0.6 2.11756 0.07312915170143452
0.7 3.4689725 0.035455504005523795
0.8 12.87450875 0.2606895996850056
0.9 49.37114125 0.9051530891739095
../result/figure/lp/T30D100000R5W5K1C2H0.1O0.1L600G0F1B150P0S1V6.latency
0.5 1.7410640000000002 0.03377223682257361
0.6 2.173688 0.09672253754942539
0.7 3.548852 0.031150739477579015
0.8 12.747416 0.29881853746044557
0.9 49.711002 0.7759797180790233
../result/figure/lp/T30D100000R5W5K1C2H0.1O0.1L600G0F1B200P0S0V0.latency
0.5 1.7765266666666666 0.12030210361142206
0.6 2.3560466666666664 0.04143921974812426
0.7 4.69563 0.06180515512479523
0.8 11.558406666666665 0.17042483191522653
0.9 27.751493333333332 1.100976581237464
../result/figure/lp/T30D100000R5W5K1C2H0.1O0.1L600G0F1B200P0S1V1.latency
0.5 1.7847600000000001 0.033368183948186296
0.6 2.14935 0.021317260612001718
0.7 3.3975866666666668 0.0720062596815954
0.8 11.679803333333332 0.1712515276817501
0.9 34.585566666666665 0.2307389556042357
