../result/figure/lp/T30D100000R5W5K1C2H0.1O0.1L600G0F1B50P0S0V0.tps
0.5 345.64177776666673 4.033408747760746
0.6 241.85962223333334 3.6684390430088585
0.7 126.31914443333334 1.0316129551449853
0.8 51.14587776666667 1.086459020742089
0.9 21.12747776666667 0.6750223233812073
../result/figure/lp/T30D100000R5W5K1C2H0.1O0.1L600G0F1B50P0S1V1.tps
0.5 330.29224443333334 5.421463963792683
0.6 249.94756666666663 3.453708160509827
0.7 137.51315556666668 1.0094614267082476
0.8 58.4317 0.7211777568317639
0.9 23.53088886666667 0.5582581669021646
../result/figure/lp/T30D100000R5W5K1C2H0.1O0.1L600G0F1B100P0S0V0.tps
0.5 353.5567111333333 2.6894840984644386
0.6 247.64494443333334 1.7799247893244945
0.7 123.99286666666666 1.842744543699245
0.8 50.48223333333334 0.8440055921273418
0.9 20.6172 0.23594446270020875
../result/figure/lp/T30D100000R5W5K1C2H0.1O0.1L600G0F1B100P0S1V1.tps
0.5 349.18157776666663 0.6306519119870911
0.6 261.6339111 0.8040415675314981
0.7 155.04578890000002 1.7482908369518004
0.8 55.510588866666666 1.9932062543557687
0.9 17.7458333 0.43283388268480044
../result/figure/lp/T30D100000R5W5K1C2H0.1O0.1L600G0F1B150P0S0V0.tps
0.5 324.81120605454544 28.250761314251278
0.6 235.83048485454546 10.076030046282552
0.7 124.59162424545455 6.21314319120522
0.8 50.26973634545455 1.232923382160383
0.9 21.2187 0.6075022965675848
../result/figure/lp/T30D100000R5W5K1C2H0.1O0.1L600G0F1B150P0S1V0.tps
0.5 365.8146888666667 7.4516576608069744
0.6 261.53416666666664 1.0265695010432723
0.7 153.7686666666667 3.644329531453248
0.8 68.1192889 1.1530302344429755
0.9 31.574922233333336 1.033365524803227
../result/figure/lp/T30D100000R5W5K1C2H0.1O0.1L600G0F1B150P0S0V1.tps
0.5 313.11462223333336 4.524373803038703
0.6 252.3751222 9.55058476145098
0.7 152.708 1.3303211191287418
0.8 60.426500000000004 0.6484260820933191
0.9 16.563333333333336 0.13242436835164997
../result/figure/lp/T30D100000R5W5K1C2H0.1O0.1L600G0F1B150P0S1V1.tps
0.5 339.8589151727273 12.736269255514463
0.6 267.0008424363636 8.853692049999163
0.7 172.55823638181818 2.627063681120675
0.8 45.575266672727274 0.7045269195673873
0.9 10.183809109090909 0.15690312348726804
../result/figure/lp/T30D100000R5W5K1C2H0.1O0.1L600G0F1B150P0S1V2.tps
0.5 338.6880833125 13.501233868228363
0.6 267.9471166625 9.181270567867774
0.7 173.08412915 1.3939514402537148
0.8 46.9743875 0.7515667923557463
0.9 12.0938124875 0.20509976250412168
../result/figure/lp/T30D100000R5W5K1C2H0.1O0.1L600G0F1B150P0S1V6.tps
0.5 333.93162 8.159218899675308
0.6 262.9122 9.128699222240499
0.7 169.64484666 0.9284480889501713
0.8 47.29537998 1.0251644275410963
0.9 12.02412666 0.20433086331541592
../result/figure/lp/T30D100000R5W5K1C2H0.1O0.1L600G0F1B200P0S0V0.tps
0.5 317.65406666666667 19.382035851066103
0.6 238.3906889 3.731394820138934
0.7 124.20265556666668 2.1592816073064296
0.8 51.10782223333333 0.9294570170545008
0.9 21.47354443333333 0.8969957144779751
../result/figure/lp/T30D100000R5W5K1C2H0.1O0.1L600G0F1B200P0S1V1.tps
0.5 317.75081113333334 2.655604186548333
0.6 260.7285222333333 2.6684105220621435
0.7 175.0336222 2.4108366147127445
0.8 28.804944433333333 0.9261747969319039
0.9 5.3645 0.05507168056269914
