../result/figure/greedy_hist/T30D100000R5W5K1Z0.5C2H0.1O0.1L600G0F0B150P0S0V0.percent99_latency
TILE baseline
50 0.29666666666666663
90 0.2300000000000001
95 0.18333333333333324
99 0.8866666666666667
../result/figure/greedy_hist/T30D100000R5W5K1Z0.5C2H0.1O0.1L600G0F1B150P0S0V0.percent99_latency
TILE baseline
50 0.292
90 0.22600000000000003
95 0.20199999999999996
99 0.8780000000000001
../result/figure/greedy_hist/T30D100000R5W5K1Z0.6C2H0.1O0.1L600G0F0B150P0S0V0.percent99_latency
TILE baseline
50 0.27666666666666667
90 0.34
95 0.4999999999999998
99 5.043333333333334
../result/figure/greedy_hist/T30D100000R5W5K1Z0.6C2H0.1O0.1L600G0F1B150P0S0V0.percent99_latency
TILE baseline
50 0.278
90 0.382
95 0.4819999999999999
99 5.228
../result/figure/greedy_hist/T30D100000R5W5K1Z0.7C2H0.1O0.1L600G0F0B150P0S0V0.percent99_latency
TILE baseline
50 0.25333333333333335
90 0.6466666666666667
95 1.7200000000000002
99 21.053333333333335
../result/figure/greedy_hist/T30D100000R5W5K1Z0.7C2H0.1O0.1L600G0F1B150P0S0V0.percent99_latency
TILE baseline
50 0.258
90 0.648
95 1.7200000000000002
99 21.445999999999998
../result/figure/greedy_hist/T30D100000R5W5K1Z0.8C2H0.1O0.1L600G0F0B150P0S0V0.percent99_latency
TILE baseline
50 0.23666666666666666
90 2.1566666666666663
95 12.013333333333334
99 42.89666666666667
../result/figure/greedy_hist/T30D100000R5W5K1Z0.8C2H0.1O0.1L600G0F1B150P0S0V0.percent99_latency
TILE baseline
50 0.23200000000000004
90 2.126
95 11.96
99 41.896
../result/figure/greedy_hist/T30D100000R5W5K1Z0.9C2H0.1O0.1L600G0F0B150P0S0V0.percent99_latency
TILE baseline
50 0.24666666666666667
90 18.490000000000002
95 23.043333333333333
99 65.92333333333333
../result/figure/greedy_hist/T30D100000R5W5K1Z0.9C2H0.1O0.1L600G0F1B150P0S0V0.percent99_latency
TILE baseline
50 0.242
90 18.267999999999997
95 22.862000000000002
99 64.726
../result/figure/greedy_hist/T30D100000R5W5K1Z0.5C2H0.1O0.1L600G0F0B150P0S1V1.percent99_latency
TILE srvc-g
50 0.13
90 0.10999999999999999
95 0.08666666666666667
99 0.45333333333333325
../result/figure/greedy_hist/T30D100000R5W5K1Z0.5C2H0.1O0.1L600G0F1B150P0S1V1.percent99_latency
TILE srvc-gs
50 0.13
90 0.10749999999999998
95 0.08250000000000002
99 0.44875000000000004
../result/figure/greedy_hist/T30D100000R5W5K1Z0.6C2H0.1O0.1L600G0F0B150P0S1V1.percent99_latency
TILE srvc-g
50 0.11333333333333333
90 0.15333333333333332
95 0.17333333333333334
99 1.4866666666666668
../result/figure/greedy_hist/T30D100000R5W5K1Z0.6C2H0.1O0.1L600G0F1B150P0S1V1.percent99_latency
TILE srvc-gs
50 0.11375
90 0.15625
95 0.17625000000000002
99 1.50375
../result/figure/greedy_hist/T30D100000R5W5K1Z0.7C2H0.1O0.1L600G0F0B150P0S1V1.percent99_latency
TILE srvc-g
50 0.09333333333333334
90 0.31
95 0.6600000000000001
99 3.8499999999999996
../result/figure/greedy_hist/T30D100000R5W5K1Z0.7C2H0.1O0.1L600G0F1B150P0S1V1.percent99_latency
TILE srvc-gs
50 0.09375
90 0.28875
95 0.6387499999999999
99 3.76875
../result/figure/greedy_hist/T30D100000R5W5K1Z0.8C2H0.1O0.1L600G0F0B150P0S1V1.percent99_latency
TILE srvc-g
50 0.26
90 3.0666666666666664
95 3.143333333333333
99 17.14
../result/figure/greedy_hist/T30D100000R5W5K1Z0.8C2H0.1O0.1L600G0F1B150P0S1V1.percent99_latency
TILE srvc-gs
50 0.13125
90 0.6737500000000001
95 0.9674999999999999
99 7.7299999999999995
../result/figure/greedy_hist/T30D100000R5W5K1Z0.9C2H0.1O0.1L600G0F0B150P0S1V1.percent99_latency
TILE srvc-g
50 1.4033333333333333
90 8.886666666666667
95 9.2
99 84.31666666666666
../result/figure/greedy_hist/T30D100000R5W5K1Z0.9C2H0.1O0.1L600G0F1B150P0S1V1.percent99_latency
TILE srvc-gs
50 0.29
90 1.29
95 2.57625
99 96.21375
