../result_fvs/figure/greedy_deg_max.fvs
zipf fvs
0.5	0.006000000000000001
0.6	0.0473
0.7	0.2563
0.8	1.0072
0.9	3.5082
../result_fvs/figure/greedy_deg_prod.fvs
zipf fvs
0.5	0.006000000000000001
0.6	0.0458
0.7	0.2401
0.8	0.9498000000000001
0.9	3.3537
../result_fvs/figure/greedy_deg_sum.fvs
zipf fvs
0.5	0.006000000000000001
0.6	0.0457
0.7	0.2386
0.8	0.9444
0.9	3.3325
../result_fvs/figure/greedy_simple.fvs
zipf fvs
0.5	0.006000000000000001
0.6	0.0461
0.7	0.2452
0.8	0.973
0.9	3.4404
../result_fvs/figure/hybrid_10.fvs
zipf fvs
0.5	0.006000000000000001
0.6	0.0456
0.7	0.2382
0.8	0.9442
0.9	3.3402
../result_fvs/figure/hybrid_15.fvs
zipf fvs
0.5	0.006000000000000001
0.6	0.0456
0.7	0.23749999999999996
0.8	0.9402
0.9	3.3234
../result_fvs/figure/hybrid_20.fvs
zipf fvs
0.5	0.006000000000000001
0.6	0.0456
0.7	0.23729999999999998
0.8	0.9373
0.9	3.3068000000000004
../result_fvs/figure/random.fvs
zipf fvs
0.5	0.006066666666666667
0.6	0.05096666666666666
0.7	0.3228
0.8	1.6396333333333333
0.9	6.0806
../result_fvs/figure/random_multi_3.fvs
zipf fvs
0.5	0.006066666666666667
0.6	0.051033333333333326
0.7	0.3223666666666667
0.8	1.6404666666666667
0.9	6.079233333333334
../result_fvs/figure/search.fvs
zipf fvs
0.5	0.006000000000000001
0.6	0.0456
0.7	0.23729999999999998
