../result/figure/hist/T30D100000R10W10K5Z0.5C2H0.2O0.0L600G0F1B150P0S0V0.percent99_latency
TILE baseline
50 0.29
90 0.23666666666666675
95 0.22666666666666657
99 1.1533333333333333
../result/figure/hist/T30D100000R10W10K5Z0.5C2H0.2O0.0L600G0F1B150P0S1V3.percent99_latency
TILE srvs
50 0.14
90 0.13666666666666666
95 0.11000000000000004
99 0.7233333333333334
../result/figure/hist/T30D100000R10W10K5Z0.5C2H0.2O0.0L600G0F1B150P0S1V1.percent99_latency
TILE srvc
50 0.15
90 0.1366666666666667
95 0.11333333333333329
99 0.7366666666666668
../result/figure/hist/T30D100000R10W10K5Z0.6C2H0.2O0.0L600G0F1B150P0S0V0.percent99_latency
TILE baseline
50 0.27666666666666667
90 0.4133333333333333
95 0.7066666666666666
99 7.263333333333334
../result/figure/hist/T30D100000R10W10K5Z0.6C2H0.2O0.0L600G0F1B150P0S1V3.percent99_latency
TILE srvs
50 0.12666666666666668
90 0.19999999999999998
95 0.2766666666666667
99 2.263333333333333
../result/figure/hist/T30D100000R10W10K5Z0.6C2H0.2O0.0L600G0F1B150P0S1V1.percent99_latency
TILE srvc
50 0.13
90 0.21333333333333332
95 0.2866666666666667
99 2.29
../result/figure/hist/T30D100000R10W10K5Z0.7C2H0.2O0.0L600G0F1B150P0S0V0.percent99_latency
TILE baseline
50 0.25
90 0.8733333333333333
95 2.4766666666666666
99 24.279999999999998
../result/figure/hist/T30D100000R10W10K5Z0.7C2H0.2O0.0L600G0F1B150P0S1V3.percent99_latency
TILE srvs
50 0.11
90 0.3966666666666667
95 0.7566666666666667
99 3.83
../result/figure/hist/T30D100000R10W10K5Z0.7C2H0.2O0.0L600G0F1B150P0S1V1.percent99_latency
TILE srvc
50 0.11333333333333333
90 0.4066666666666667
95 0.77
99 4.05
../result/figure/hist/T30D100000R10W10K5Z0.8C2H0.2O0.0L600G0F1B150P0S0V0.percent99_latency
TILE baseline
50 0.24333333333333332
90 4.1033333333333335
95 14.796666666666667
99 49.36
../result/figure/hist/T30D100000R10W10K5Z0.8C2H0.2O0.0L600G0F1B150P0S1V3.percent99_latency
TILE srvs
50 0.19000000000000003
90 0.8466666666666668
95 1.1833333333333333
99 7.09
../result/figure/hist/T30D100000R10W10K5Z0.8C2H0.2O0.0L600G0F1B150P0S1V1.percent99_latency
TILE srvc
50 0.17666666666666667
90 0.8633333333333334
95 1.2433333333333332
99 24.346666666666664
../result/figure/hist/T30D100000R10W10K5Z0.9C2H0.2O0.0L600G0F1B150P0S0V0.percent99_latency
TILE baseline
50 0.3033333333333333
90 24.806666666666665
95 25.363333333333337
99 71.85999999999999
../result/figure/hist/T30D100000R10W10K5Z0.9C2H0.2O0.0L600G0F1B150P0S1V3.percent99_latency
TILE srvs
50 0.35666666666666663
90 1.7299999999999998
95 2.8733333333333335
99 92.4
../result/figure/hist/T30D100000R10W10K5Z0.9C2H0.2O0.0L600G0F1B150P0S1V1.percent99_latency
TILE srvc
50 0.3666666666666667
90 1.9000000000000004
95 6.913333333333332
99 112.23000000000002
