../result/figure/hist/T30D100000R5W5K3Z0.5C2H0.1O0.1L600G0F1B150P0S0V0.percent99_latency
TILE baseline
50 0.3
90 0.23666666666666675
95 0.20333333333333314
99 0.7933333333333333
../result/figure/hist/T30D100000R5W5K3Z0.5C2H0.1O0.1L600G0F1B150P0S1V4.percent99_latency
TILE srvc-c
50 0.14
90 0.13666666666666666
95 0.06666666666666665
99 0.3399999999999999
../result/figure/hist/T30D100000R5W5K3Z0.5C2H0.1O0.1L600G0F1B150P0S1V1.percent99_latency
TILE srvc
50 0.13
90 0.10666666666666666
95 0.07999999999999999
99 0.3666666666666666
../result/figure/hist/T30D100000R5W5K3Z0.6C2H0.1O0.1L600G0F1B150P0S0V0.percent99_latency
TILE baseline
50 0.29666666666666663
90 0.41333333333333333
95 0.4733333333333334
99 3.0266666666666664
../result/figure/hist/T30D100000R5W5K3Z0.6C2H0.1O0.1L600G0F1B150P0S1V4.percent99_latency
TILE srvc-c
50 0.14
90 0.15999999999999998
95 0.14333333333333337
99 0.8433333333333335
../result/figure/hist/T30D100000R5W5K3Z0.6C2H0.1O0.1L600G0F1B150P0S1V1.percent99_latency
TILE srvc
50 0.11333333333333333
90 0.16333333333333333
95 0.15666666666666668
99 0.9899999999999998
../result/figure/hist/T30D100000R5W5K3Z0.7C2H0.1O0.1L600G0F1B150P0S0V0.percent99_latency
TILE baseline
50 0.26666666666666666
90 0.79
95 1.5233333333333334
99 11.223333333333333
../result/figure/hist/T30D100000R5W5K3Z0.7C2H0.1O0.1L600G0F1B150P0S1V4.percent99_latency
TILE srvc-c
50 0.13
90 0.26666666666666666
95 0.2833333333333334
99 1.6799999999999997
../result/figure/hist/T30D100000R5W5K3Z0.7C2H0.1O0.1L600G0F1B150P0S1V1.percent99_latency
TILE srvc
50 0.10000000000000002
90 0.30666666666666664
95 0.54
99 2.6533333333333333
../result/figure/hist/T30D100000R5W5K3Z0.8C2H0.1O0.1L600G0F1B150P0S0V0.percent99_latency
TILE baseline
50 0.24666666666666667
90 2.1133333333333333
95 5.346666666666666
99 22.46
../result/figure/hist/T30D100000R5W5K3Z0.8C2H0.1O0.1L600G0F1B150P0S1V4.percent99_latency
TILE srvc-c
50 0.29
90 0.7
95 1.0166666666666666
99 7.333333333333336
../result/figure/hist/T30D100000R5W5K3Z0.8C2H0.1O0.1L600G0F1B150P0S1V1.percent99_latency
TILE srvc
50 0.10333333333333333
90 0.6333333333333333
95 0.9366666666666664
99 5.243333333333334
../result/figure/hist/T30D100000R5W5K3Z0.9C2H0.1O0.1L600G0F1B150P0S0V0.percent99_latency
TILE baseline
50 0.27
90 7.403333333333332
95 9.710000000000004
99 34.879999999999995
../result/figure/hist/T30D100000R5W5K3Z0.9C2H0.1O0.1L600G0F1B150P0S1V4.percent99_latency
TILE srvc-c
50 0.6433333333333333
90 3.0533333333333337
95 5.416666666666666
99 64.37
../result/figure/hist/T30D100000R5W5K3Z0.9C2H0.1O0.1L600G0F1B150P0S1V1.percent99_latency
TILE srvc
50 0.14333333333333334
90 1.1566666666666667
95 1.6666666666666667
99 20.33
