../result_fvs/figure/greedy_deg_max.latency
zipf latency
0.5	0.015317188792737193
0.6	0.012603169844006362
0.7	0.01617896366182649
0.8	0.04193902437222934
0.9	0.31586555158204976
../result_fvs/figure/greedy_deg_prod.latency
zipf latency
0.5	0.013381377237283859
0.6	0.014262632319749476
0.7	0.014552775116090514
0.8	0.03912496916356825
0.9	0.28986380574249804
../result_fvs/figure/greedy_deg_sum.latency
zipf latency
0.5	0.013863732921893518
0.6	0.013377724475093488
0.7	0.015489484287855335
0.8	0.038201722704033776
0.9	0.2912285641877622
../result_fvs/figure/greedy_simple.latency
zipf latency
0.5	0.014534558708436751
0.6	0.01519334715871707
0.7	0.015910235620746418
0.8	0.027227645987423166
0.9	0.07535644224180817
../result_fvs/figure/hybrid_10.latency
zipf latency
0.5	0.017032586161183465
0.6	0.014995544228735143
0.7	0.020457114075821233
0.8	0.04795859128839413
0.9	0.30468654671059425
../result_fvs/figure/hybrid_15.latency
zipf latency
0.5	0.017278555616249316
0.6	0.016259400844514407
0.7	0.026088118228053365
0.8	0.0813106849897852
0.9	0.370996536479599
../result_fvs/figure/hybrid_20.latency
zipf latency
0.5	0.016780227889102915
0.6	0.015641006421307748
0.7	0.04251738286528586
0.8	0.2834809789071421
0.9	1.196566515548297
../result_fvs/figure/random.latency
zipf latency
0.5	0.014160812913076951
0.6	0.013531802546868884
0.7	0.015894879732684702
0.8	0.054261779516927906
0.9	0.503800486206929
../result_fvs/figure/random_multi_3.latency
zipf latency
0.5	0.02468319453628369
0.6	0.02114409214701547
0.7	0.02585931549593376
0.8	0.12462350009380185
0.9	1.4147495283417342
../result_fvs/figure/search.latency
zipf latency
0.5	0.014595252470076378
0.6	0.01514337589219532
0.7	3.716043524268446
