../result/figure/lp/T30D100000R5W5K1C2H0.1O0.1L600G0F1B50P0S0V0.abort
0.5 24.30666666666667 0.03785938897200446
0.6 63.18 0.04582575694956091
0.7 85.14333333333333 0.07571877794400485
0.8 94.61 0.08660254037843894
0.9 97.93 0.07549834435270283
../result/figure/lp/T30D100000R5W5K1C2H0.1O0.1L600G0F1B50P0S1V1.abort
0.5 24.103333333333335 0.6174409553417561
0.6 60.02 0.4950757517794596
0.7 83.21333333333334 0.1747378989610769
0.8 93.61666666666667 0.08326663997865263
0.9 97.56 0.01732050807568943
../result/figure/lp/T30D100000R5W5K1C2H0.1O0.1L600G0F1B100P0S0V0.abort
0.5 24.71333333333334 0.03214550253664692
0.6 62.02 0.11789826122551329
0.7 86.17333333333333 0.09609023536932863
0.8 94.93666666666667 0.005773502691891007
0.9 98.03333333333335 0.020816659994666288
../result/figure/lp/T30D100000R5W5K1C2H0.1O0.1L600G0F1B100P0S1V1.abort
0.5 23.09 0.3939543120718412
0.6 56.29 0.5115662224971516
0.7 81.73 0.23430749027720033
0.8 93.00999999999999 0.08185352771872298
0.9 97.33333333333333 0.020816659994664012
../result/figure/lp/T30D100000R5W5K1C2H0.1O0.1L600G0F1B150P0S0V0.abort
0.5 24.773636363636363 0.2923789570838748
0.6 64.06272727272727 0.12474701672512395
0.7 86.0690909090909 0.11759715519132023
0.8 94.94727272727273 0.03379080025418003
0.9 97.99636363636364 0.0050452497910977116
../result/figure/lp/T30D100000R5W5K1C2H0.1O0.1L600G0F1B150P0S1V0.abort
0.5 23.996666666666666 0.17616280348965063
0.6 61.199999999999996 0.07211102550928318
0.7 82.14666666666666 0.1913983629327384
0.8 93.00666666666666 0.11372481406155349
0.9 96.94 0.08544003745317577
../result/figure/lp/T30D100000R5W5K1C2H0.1O0.1L600G0F1B150P0S0V1.abort
0.5 21.61 0.2400000000000002
0.6 53.98333333333334 0.23115651263447803
0.7 80.51333333333334 0.17616280348965074
0.8 92.79333333333334 0.05033222956847671
0.9 97.28333333333335 0.005773502691891007
../result/figure/lp/T30D100000R5W5K1C2H0.1O0.1L600G0F1B150P0S1V1.abort
0.5 21.38 0.18611824198611
0.6 50.23545454545455 0.226775820420241
0.7 77.29 0.12206555615733847
0.8 91.90727272727273 0.07029806670042989
0.9 96.86272727272727 0.014206272622265306
../result/figure/lp/T30D100000R5W5K1C2H0.1O0.1L600G0F1B150P0S1V2.abort
0.5 21.4375 0.23174801586452096
0.6 50.331250000000004 0.19816569545999316
0.7 77.2325 0.09361776388210659
0.8 92.1575 0.050920105487490167
0.9 97.19625 0.015979898086567364
../result/figure/lp/T30D100000R5W5K1C2H0.1O0.1L600G0F1B150P0S1V6.abort
0.5 21.823999999999998 0.0743639697703099
0.6 50.879999999999995 0.4545327270945391
0.7 77.42999999999999 0.1476482306023328
0.8 92.19800000000001 0.03962322551231558
0.9 97.19 0.018708286933867883
../result/figure/lp/T30D100000R5W5K1C2H0.1O0.1L600G0F1B200P0S0V0.abort
0.5 25.02 0.4014971979976995
0.6 60.68333333333334 0.06429100507328021
0.7 85.71999999999998 0.05567764362829935
0.8 94.92333333333333 0.015275252316513326
0.9 97.97333333333334 0.005773502691899211
../result/figure/lp/T30D100000R5W5K1C2H0.1O0.1L600G0F1B200P0S1V1.abort
0.5 18.44666666666667 0.25813433195399277
0.6 41.129999999999995 0.25942243542145765
0.7 68.43333333333334 0.0680685928555457
0.8 89.98666666666668 0.005773502691899211
0.9 96.15666666666668 0.02516611478422706
