../result/figure/lp/T30D100000R5W5K1C2H0.1O0.1L600G0F1B50P0S0V0.commit
0.5 75.69333333333333 0.03785938897200493
0.6 36.82 0.04582575694956091
0.7 14.856666666666667 0.07571877794400407
0.8 5.39 0.08660254037844356
0.9 2.07 0.07549834435270744
../result/figure/lp/T30D100000R5W5K1C2H0.1O0.1L600G0F1B50P0S1V1.commit
0.5 75.89666666666666 0.6174409553417526
0.6 39.98 0.49507575177946256
0.7 16.786666666666665 0.1747378989610823
0.8 6.383333333333333 0.08326663997864539
0.9 2.44 0.017320508075688915
../result/figure/lp/T30D100000R5W5K1C2H0.1O0.1L600G0F1B100P0S0V0.commit
0.5 75.28666666666668 0.03214550253664342
0.6 37.98 0.11789826122551722
0.7 13.826666666666668 0.09609023536933116
0.8 5.0633333333333335 0.005773502691896647
0.9 1.9666666666666668 0.02081665999466147
../result/figure/lp/T30D100000R5W5K1C2H0.1O0.1L600G0F1B100P0S1V1.commit
0.5 76.91000000000001 0.3939543120718387
0.6 43.71 0.5115662224971453
0.7 18.27 0.23430749027720033
0.8 6.989999999999999 0.0818535277187246
0.9 2.6666666666666665 0.020816659994661382
../result/figure/lp/T30D100000R5W5K1C2H0.1O0.1L600G0F1B150P0S0V0.commit
0.5 75.22636363636364 0.29237895708387557
0.6 35.93727272727273 0.1247470167251225
0.7 13.930909090909092 0.11759715519131785
0.8 5.052727272727273 0.033790800254184336
0.9 2.0036363636363634 0.005045249791095022
../result/figure/lp/T30D100000R5W5K1C2H0.1O0.1L600G0F1B150P0S1V0.commit
0.5 76.00333333333333 0.17616280348965074
0.6 38.800000000000004 0.07211102550928021
0.7 17.85333333333333 0.1913983629327408
0.8 6.993333333333333 0.1137248140615466
0.9 3.06 0.08544003745317508
../result/figure/lp/T30D100000R5W5K1C2H0.1O0.1L600G0F1B150P0S0V1.commit
0.5 78.39 0.240000000000002
0.6 46.01666666666667 0.2311565126344747
0.7 19.486666666666665 0.17616280348964966
0.8 7.206666666666666 0.05033222956847153
0.9 2.7166666666666663 0.005773502691896135
../result/figure/lp/T30D100000R5W5K1C2H0.1O0.1L600G0F1B150P0S1V1.commit
0.5 78.61999999999999 0.1861182419861097
0.6 49.76454545454545 0.22677582042023908
0.7 22.71 0.12206555615733652
0.8 8.092727272727272 0.07029806670043046
0.9 3.137272727272727 0.014206272622267327
../result/figure/lp/T30D100000R5W5K1C2H0.1O0.1L600G0F1B150P0S1V2.commit
0.5 78.5625 0.2317480158645195
0.6 49.66875 0.19816569545999096
0.7 22.767500000000002 0.0936177638821064
0.8 7.8425 0.05092010548749016
0.9 2.80375 0.01597989808656939
../result/figure/lp/T30D100000R5W5K1C2H0.1O0.1L600G0F1B150P0S1V6.commit
0.5 78.176 0.07436396977031275
0.6 49.12 0.4545327270945415
0.7 22.57 0.1476482306023343
0.8 7.802 0.039623225512318005
0.9 2.81 0.018708286933869663
../result/figure/lp/T30D100000R5W5K1C2H0.1O0.1L600G0F1B200P0S0V0.commit
0.5 74.98 0.4014971979977011
0.6 39.31666666666667 0.06429100507328683
0.7 14.280000000000001 0.05567764362829999
0.8 5.076666666666667 0.015275252316519626
0.9 2.026666666666667 0.005773502691896135
../result/figure/lp/T30D100000R5W5K1C2H0.1O0.1L600G0F1B200P0S1V1.commit
0.5 81.55333333333333 0.25813433195398783
0.6 58.870000000000005 0.25942243542145765
0.7 31.566666666666666 0.0680685928555383
0.8 10.013333333333334 0.005773502691896135
0.9 3.8433333333333333 0.025166114784235735
