../result/figure/hist/T30D100000R5W5K1Z0.5C2H0.1O0.1L600G0F1B150P0S1V6.percent99_latency
TILE rst-deg2
50 0.13
90 0.11599999999999999
95 0.08600000000000002
99 0.48400000000000004
../result/figure/hist/T30D100000R5W5K1Z0.5C2H0.1O0.1L600G0F1B150P0S0V0.percent99_latency
TILE baseline
50 0.292
90 0.22600000000000003
95 0.20199999999999996
99 0.8780000000000001
../result/figure/hist/T30D100000R5W5K1Z0.5C2H0.1O0.1L600G0F1B150P0S0V1.percent99_latency
TILE vc
50 0.21
90 0.15999999999999995
95 0.14333333333333337
99 0.8133333333333336
../result/figure/hist/T30D100000R5W5K1Z0.5C2H0.1O0.1L600G0F1B150P0S1V2.percent99_latency
TILE rst-cnt
50 0.13
90 0.10799999999999998
95 0.08200000000000002
99 0.468
../result/figure/hist/T30D100000R5W5K1Z0.5C2H0.1O0.1L600G0F1B150P0S1V1.percent99_latency
TILE srvc
50 0.13
90 0.10749999999999998
95 0.08250000000000002
99 0.44875000000000004
../result/figure/hist/T30D100000R5W5K1Z0.5C2H0.1O0.1L600G0F1B150P0S1V0.percent99_latency
TILE sr
50 0.13
90 0.09333333333333335
95 0.07666666666666663
99 0.36666666666666664
../result/figure/hist/T30D100000R5W5K1Z0.6C2H0.1O0.1L600G0F1B150P0S1V6.percent99_latency
TILE rst-deg2
50 0.118
90 0.16599999999999998
95 0.188
99 1.624
../result/figure/hist/T30D100000R5W5K1Z0.6C2H0.1O0.1L600G0F1B150P0S0V0.percent99_latency
TILE baseline
50 0.278
90 0.382
95 0.4819999999999999
99 5.228
../result/figure/hist/T30D100000R5W5K1Z0.6C2H0.1O0.1L600G0F1B150P0S0V1.percent99_latency
TILE vc
50 0.18666666666666668
90 0.27
95 0.3499999999999999
99 2.733333333333333
../result/figure/hist/T30D100000R5W5K1Z0.6C2H0.1O0.1L600G0F1B150P0S1V2.percent99_latency
TILE rst-cnt
50 0.11399999999999999
90 0.15800000000000003
95 0.182
99 1.5240000000000002
../result/figure/hist/T30D100000R5W5K1Z0.6C2H0.1O0.1L600G0F1B150P0S1V1.percent99_latency
TILE srvc
50 0.11375
90 0.15625
95 0.17625000000000002
99 1.50375
../result/figure/hist/T30D100000R5W5K1Z0.6C2H0.1O0.1L600G0F1B150P0S1V0.percent99_latency
TILE sr
50 0.12
90 0.15333333333333338
95 0.17333333333333334
99 1.8099999999999996
../result/figure/hist/T30D100000R5W5K1Z0.7C2H0.1O0.1L600G0F1B150P0S1V6.percent99_latency
TILE rst-deg2
50 0.1
90 0.30200000000000005
95 0.6880000000000001
99 4.336
../result/figure/hist/T30D100000R5W5K1Z0.7C2H0.1O0.1L600G0F1B150P0S0V0.percent99_latency
TILE baseline
50 0.258
90 0.648
95 1.7200000000000002
99 21.445999999999998
../result/figure/hist/T30D100000R5W5K1Z0.7C2H0.1O0.1L600G0F1B150P0S0V1.percent99_latency
TILE vc
50 0.16
90 0.5266666666666666
95 1.0933333333333333
99 7.94
../result/figure/hist/T30D100000R5W5K1Z0.7C2H0.1O0.1L600G0F1B150P0S1V2.percent99_latency
TILE rst-cnt
50 0.094
90 0.30000000000000004
95 0.68
99 4.236
../result/figure/hist/T30D100000R5W5K1Z0.7C2H0.1O0.1L600G0F1B150P0S1V1.percent99_latency
TILE srvc
50 0.09375
90 0.28875
95 0.6387499999999999
99 3.76875
../result/figure/hist/T30D100000R5W5K1Z0.7C2H0.1O0.1L600G0F1B150P0S1V0.percent99_latency
TILE sr
50 0.11666666666666665
90 0.2833333333333333
95 0.8133333333333332
99 7.953333333333333
../result/figure/hist/T30D100000R5W5K1Z0.8C2H0.1O0.1L600G0F1B150P0S1V6.percent99_latency
TILE rst-deg2
50 0.13
90 0.8119999999999999
95 1.8500000000000003
99 49.93
../result/figure/hist/T30D100000R5W5K1Z0.8C2H0.1O0.1L600G0F1B150P0S0V0.percent99_latency
TILE baseline
50 0.23200000000000004
90 2.126
95 11.96
99 41.896
../result/figure/hist/T30D100000R5W5K1Z0.8C2H0.1O0.1L600G0F1B150P0S0V1.percent99_latency
TILE vc
50 0.15
90 1.3733333333333335
95 3.1099999999999994
99 16.223333333333333
../result/figure/hist/T30D100000R5W5K1Z0.8C2H0.1O0.1L600G0F1B150P0S1V2.percent99_latency
TILE rst-cnt
50 0.13
90 0.8079999999999999
95 1.836
99 49.528
../result/figure/hist/T30D100000R5W5K1Z0.8C2H0.1O0.1L600G0F1B150P0S1V1.percent99_latency
TILE srvc
50 0.13125
90 0.6737500000000001
95 0.9674999999999999
99 7.7299999999999995
../result/figure/hist/T30D100000R5W5K1Z0.8C2H0.1O0.1L600G0F1B150P0S1V0.percent99_latency
TILE sr
50 0.12333333333333334
90 1.0433333333333334
95 4.896666666666666
99 20.200000000000003
../result/figure/hist/T30D100000R5W5K1Z0.9C2H0.1O0.1L600G0F1B150P0S1V6.percent99_latency
TILE rst-deg2
50 0.252
90 6.862
95 30.540000000000003
99 46.272
../result/figure/hist/T30D100000R5W5K1Z0.9C2H0.1O0.1L600G0F1B150P0S0V0.percent99_latency
TILE baseline
50 0.242
90 18.267999999999997
95 22.862000000000002
99 64.726
../result/figure/hist/T30D100000R5W5K1Z0.9C2H0.1O0.1L600G0F1B150P0S0V1.percent99_latency
TILE vc
50 0.2333333333333333
90 4.0633333333333335
95 6.270000000000001
99 98.04333333333334
../result/figure/hist/T30D100000R5W5K1Z0.9C2H0.1O0.1L600G0F1B150P0S1V2.percent99_latency
TILE rst-cnt
50 0.248
90 6.894
95 30.358
99 45.822
../result/figure/hist/T30D100000R5W5K1Z0.9C2H0.1O0.1L600G0F1B150P0S1V1.percent99_latency
TILE srvc
50 0.29
90 1.29
95 2.57625
99 96.21375
../result/figure/hist/T30D100000R5W5K1Z0.9C2H0.1O0.1L600G0F1B150P0S1V0.percent99_latency
TILE sr
50 0.14666666666666667
90 7.946666666666667
95 10.636666666666667
99 42.040000000000006
